{
  "0": [{"cam_R_m2c": [0.9668892621994019, -0.08032878488302231, 0.24222394824028015, 0.10305232554674149, -0.7454348206520081, -0.6585643887519836, 0.233463853597641, 0.6617205739021301, -0.7124748229980469], "cam_t_m2c": [-2781.925537109375, 1761.246826171875, 12000.0], "obj_id": 1}, {"cam_R_m2c": [0.8583416938781738, -0.11945142596960068, -0.4989798069000244, -0.11362464725971222, 0.9041195511817932, -0.41189470887184143, 0.5003387928009033, 0.41024282574653625, 0.7624709010124207], "cam_t_m2c": [3123.26806640625, -4272.2265625, 12000.0], "obj_id": 2}, {"cam_R_m2c": [0.44491899013519287, -0.8520594239234924, -0.27575674653053284, 0.8064788579940796, 0.24730724096298218, 0.5370576977729797, -0.3894084393978119, -0.46133917570114136, 0.7971996068954468], "cam_t_m2c": [422.2039489746094, 3593.563232421875, 12000.0], "obj_id": 3}, {"cam_R_m2c": [-0.9449384808540344, -0.2870654761791229, -0.1571127325296402, 0.11686103790998459, 0.15244147181510925, -0.9813790917396545, 0.3056705892086029, -0.945703387260437, -0.11050092428922653], "cam_t_m2c": [4261.4091796875, 2729.11279296875, 12000.0], "obj_id": 4}, {"cam_R_m2c": [0.5676169991493225, -0.5119416117668152, -0.6447687745094299, -0.3174474835395813, 0.5865054130554199, -0.7451432943344116, 0.7596302032470703, 0.627636194229126, 0.1703958511352539], "cam_t_m2c": [2189.729736328125, -1005.8666381835938, 12000.0], "obj_id": 5}, {"cam_R_m2c": [0.601885199546814, 0.7846401333808899, -0.1485733687877655, 0.19642384350299835, 0.034872423857450485, 0.9798986911773682, 0.7740489840507507, -0.6189698576927185, -0.13313283026218414], "cam_t_m2c": [-1544.7489013671875, -1561.982177734375, 12000.0], "obj_id": 6}, {"cam_R_m2c": [0.08058419078588486, 0.883937418460846, 0.4606091380119324, -0.5222017168998718, -0.35617581009864807, 0.7748833298683167, 0.8490062355995178, -0.30297422409057617, 0.43289151787757874], "cam_t_m2c": [1058.5623779296875, -1474.596435546875, 12000.0], "obj_id": 7}, {"cam_R_m2c": [0.5168456435203552, -0.7697434425354004, -0.37465396523475647, 0.2734546661376953, -0.2662673592567444, 0.9242966175079346, -0.811229407787323, -0.5801694989204407, 0.07287082821130753], "cam_t_m2c": [4861.8271484375, 957.9458618164062, 12000.0], "obj_id": 8}, {"cam_R_m2c": [-0.9958148002624512, -0.07854294776916504, 0.04673270136117935, -0.039529949426651, -0.09088175743818283, -0.9950768351554871, 0.08240341395139694, -0.9927595257759094, 0.08739659190177917], "cam_t_m2c": [1007.5969848632812, 1968.0653076171875, 12000.0], "obj_id": 9}],
  "1": [{"cam_R_m2c": [-0.6929288506507874, 0.4547736942768097, -0.5594912767410278, 0.6221336722373962, 0.7693343758583069, -0.14516998827457428, 0.36441636085510254, -0.4486708343029022, -0.8160240054130554], "cam_t_m2c": [-3373.057373046875, 956.23876953125, 12000.0], "obj_id": 1}, {"cam_R_m2c": [0.6955940127372742, -0.4646244943141937, 0.547971785068512, -0.1574617177248001, 0.6455889940261841, 0.7472754716873169, -0.7009670734405518, -0.606084942817688, 0.3759072721004486], "cam_t_m2c": [1241.54443359375, 2575.028564453125, 12000.0], "obj_id": 2}, {"cam_R_m2c": [-0.4103449583053589, -0.4404583275318146, 0.7985069751739502, 0.6886973977088928, 0.42427903413772583, 0.5879482626914978, -0.5977564454078674, 0.7911913394927979, 0.12924177944660187], "cam_t_m2c": [-327.1705627441406, 1495.267822265625, 12000.0], "obj_id": 3}, {"cam_R_m2c": [0.6790322661399841, -0.29760801792144775, -0.6710771918296814, 0.38230299949645996, -0.6370386481285095, 0.6693475246429443, -0.6267053484916687, -0.7110633850097656, -0.318793386220932], "cam_t_m2c": [-3122.2919921875, -94.74901580810547, 12000.0], "obj_id": 4}, {"cam_R_m2c": [0.10456522554159164, 0.3838295042514801, 0.9174644351005554, 0.6170958876609802, 0.6984082460403442, -0.36251699924468994, -0.7799094915390015, 0.604070246219635, -0.16383039951324463], "cam_t_m2c": [-1136.728759765625, -2717.739990234375, 12000.0], "obj_id": 5}, {"cam_R_m2c": [0.6405280828475952, -0.24730078876018524, 0.7270255088806152, -0.34680241346359253, 0.7515353560447693, 0.5611796975135803, -0.6851655840873718, -0.6115855574607849, 0.39561498165130615], "cam_t_m2c": [346.1595458984375, 314.9296569824219, 12000.0], "obj_id": 6}, {"cam_R_m2c": [-0.8474661707878113, -0.2507690489292145, 0.46788454055786133, 0.4479296803474426, 0.13520364463329315, 0.883786678314209, -0.28488603234291077, 0.9585587382316589, -0.0022535722237080336], "cam_t_m2c": [-325.5299987792969, -1693.59521484375, 12000.0], "obj_id": 7}, {"cam_R_m2c": [0.9187958836555481, -0.3903469741344452, -0.05868014320731163, -0.08400696516036987, -0.04811284691095352, -0.9953028559684753, 0.38569021224975586, 0.9194097518920898, -0.07699774205684662], "cam_t_m2c": [1776.1717529296875, 4422.27587890625, 12000.0], "obj_id": 8}, {"cam_R_m2c": [0.2641715109348297, -0.7076907157897949, 0.6552764773368835, -0.2808910012245178, -0.7064129710197449, -0.6496776342391968, 0.922666609287262, -0.012434931471943855, -0.38539814949035645], "cam_t_m2c": [-2171.243896484375, 4165.53564453125, 12000.0], "obj_id": 9}],
  "2": [{"cam_R_m2c": [0.5438623428344727, 0.7828221917152405, -0.30232924222946167, -0.19895030558109283, -0.22971883416175842, -0.9527053833007812, -0.8152498602867126, 0.5782889723777771, 0.03080744668841362], "cam_t_m2c": [555.1484375, 2782.034423828125, 12000.0], "obj_id": 1}, {"cam_R_m2c": [0.6307244300842285, -0.5787224769592285, -0.5169787406921387, 0.03865622356534004, -0.6419453620910645, 0.7657753825187683, -0.7750434875488281, -0.5029776692390442, -0.382519394159317], "cam_t_m2c": [3587.98583984375, -4455.46435546875, 12000.0], "obj_id": 2}, {"cam_R_m2c": [0.9250105023384094, 0.03312113136053085, -0.37849509716033936, 0.3533589541912079, 0.2910762429237366, 0.8890511989593506, 0.13961732387542725, -0.95612633228302, 0.25754493474960327], "cam_t_m2c": [-4852.72021484375, -2574.400634765625, 12000.0], "obj_id": 3}, {"cam_R_m2c": [0.37587904930114746, 0.9265878200531006, 0.012245810590684414, -0.8209060430526733, 0.33908095955848694, -0.4594968855381012, -0.42991653084754944, 0.1626625806093216, 0.888094961643219], "cam_t_m2c": [-479.9137878417969, 1107.246826171875, 12000.0], "obj_id": 4}, {"cam_R_m2c": [0.7577924728393555, -0.6458525657653809, -0.09287060797214508, 0.015974564477801323, 0.16065238416194916, -0.986881673336029, 0.6523000597953796, 0.7463679313659668, 0.13205839693546295], "cam_t_m2c": [336.6752624511719, -3876.541015625, 12000.0], "obj_id": 5}, {"cam_R_m2c": [-0.762524425983429, 0.08643811196088791, -0.641158938407898, -0.588127851486206, -0.5055335164070129, 0.6313013434410095, -0.2695588767528534, 0.8584662079811096, 0.43631839752197266], "cam_t_m2c": [-2484.589599609375, -3897.75146484375, 12000.0], "obj_id": 6}, {"cam_R_m2c": [-0.8218063712120056, -0.5646011233329773, 0.07654912769794464, -0.008115652948617935, -0.12273848056793213, -0.9924058318138123, 0.5697090029716492, -0.8161867260932922, 0.09628522396087646], "cam_t_m2c": [-2326.005859375, 3258.491943359375, 12000.0], "obj_id": 7}, {"cam_R_m2c": [-0.46162766218185425, -0.26308923959732056, -0.8471624255180359, 0.7470061779022217, -0.6303461790084839, -0.2112952470779419, -0.47841599583625793, -0.7303752303123474, 0.48751434683799744], "cam_t_m2c": [4809.96533203125, 3682.4697265625, 12000.0], "obj_id": 8}, {"cam_R_m2c": [0.7752651572227478, -0.6301822066307068, -0.04282952845096588, -0.37597501277923584, -0.4059203565120697, -0.832989513874054, 0.5075497627258301, 0.6618905663490295, -0.5516286492347717], "cam_t_m2c": [-3326.897705078125, 3327.269775390625, 12000.0], "obj_id": 9}],
  "3": [{"cam_R_m2c": [-0.983533501625061, 0.14803865551948547, 0.10366632789373398, -0.10148809105157852, 0.02221331186592579, -0.9945887923240662, -0.14954034984111786, -0.9887321591377258, -0.006823494099080563], "cam_t_m2c": [-3951.8330078125, 4664.61376953125, 12000.0], "obj_id": 1}, {"cam_R_m2c": [0.14697249233722687, 0.8912456035614014, -0.429046094417572, -0.6499298810958862, -0.23996734619140625, -0.7211151719093323, -0.745647668838501, 0.384833961725235, 0.5439783930778503], "cam_t_m2c": [-217.94482421875, -3769.365234375, 12000.0], "obj_id": 2}, {"cam_R_m2c": [-0.9488051533699036, 0.1871194839477539, -0.2544701397418976, 0.13097147643566132, -0.5000496506690979, -0.8560354709625244, -0.2874286472797394, -0.8455392122268677, 0.4499424397945404], "cam_t_m2c": [-3451.52001953125, 598.8013305664062, 12000.0], "obj_id": 3}, {"cam_R_m2c": [-0.4256713390350342, -0.5435275435447693, -0.7234512567520142, 0.8081695437431335, 0.13126251101493835, -0.574135959148407, 0.40702077746391296, -0.8290644884109497, 0.3833877146244049], "cam_t_m2c": [-309.8533020019531, 3975.042236328125, 12000.0], "obj_id": 4}, {"cam_R_m2c": [-0.9092190861701965, -0.3566283583641052, 0.21479462087154388, -0.17612473666667938, -0.13799521327018738, -0.9746472835540771, 0.3772274851799011, -0.9239985942840576, 0.06265690177679062], "cam_t_m2c": [879.99853515625, 1942.5782470703125, 12000.0], "obj_id": 5}, {"cam_R_m2c": [-0.4765608012676239, 0.8725009560585022, 0.10784949362277985, 0.011355161666870117, -0.11655673384666443, 0.9931190013885498, 0.8790680170059204, 0.4745064079761505, 0.04563915729522705], "cam_t_m2c": [3844.429443359375, -1740.56396484375, 12000.0], "obj_id": 6}, {"cam_R_m2c": [-0.6767570376396179, -0.6558879017829895, -0.33438143134117126, -0.0804639533162117, -0.38557741045951843, 0.9191603064537048, -0.7317960262298584, 0.6489538550376892, 0.20816689729690552], "cam_t_m2c": [-2905.702880859375, 1716.7509765625, 12000.0], "obj_id": 7}, {"cam_R_m2c": [0.4663504660129547, -0.8169234991073608, -0.33934226632118225, -0.5598488450050354, -0.5695748329162598, 0.6017919182777405, -0.684898853302002, -0.0906655341386795, -0.7229751348495483], "cam_t_m2c": [-4372.56103515625, 473.8509521484375, 12000.0], "obj_id": 8}, {"cam_R_m2c": [-0.0063351821154356, -0.2457740604877472, -0.9693065881729126, 0.5699442625045776, 0.7955838441848755, -0.20545050501823425, 0.8216590881347656, -0.5537522435188293, 0.13503730297088623], "cam_t_m2c": [4339.49951171875, 2741.53076171875, 12000.0], "obj_id": 9}],
  "4": [{"cam_R_m2c": [0.6538597941398621, -0.7260144352912903, -0.2130032628774643, -0.29694974422454834, 0.012691006995737553, -0.95480877161026, 0.6959081888198853, 0.6875623464584351, -0.20729167759418488], "cam_t_m2c": [4093.838623046875, 1734.255126953125, 12000.0], "obj_id": 1}, {"cam_R_m2c": [-0.9868271350860596, -0.16115990281105042, -0.014127685688436031, 0.07772593945264816, -0.3957197368144989, -0.9150762557983398, 0.1418830007314682, -0.9041202068328857, 0.4030333161354065], "cam_t_m2c": [-1910.63427734375, 564.5971069335938, 12000.0], "obj_id": 2}, {"cam_R_m2c": [-0.7420286536216736, 0.4772531986236572, 0.47076863050460815, -0.4221090078353882, -0.8781907558441162, 0.22495625913143158, 0.5207856893539429, -0.03179169446229935, 0.853095293045044], "cam_t_m2c": [1065.4945068359375, -4319.42724609375, 12000.0], "obj_id": 3}, {"cam_R_m2c": [-0.6729252338409424, -0.6711071729660034, -0.3111054003238678, 0.6087208390235901, -0.2634490132331848, -0.748367190361023, 0.42027416825294495, -0.6929715871810913, 0.5857985615730286], "cam_t_m2c": [-3012.504638671875, -648.2180786132812, 12000.0], "obj_id": 4}, {"cam_R_m2c": [0.10981003195047379, -0.5446181893348694, -0.8314643502235413, 0.8310250639915466, -0.40861594676971436, 0.3773999512195587, -0.5452883243560791, -0.7324099540710449, 0.40772101283073425], "cam_t_m2c": [33.29974365234375, 1074.7298583984375, 12000.0], "obj_id": 5}, {"cam_R_m2c": [-0.40583333373069763, -0.6964873671531677, -0.5917810797691345, -0.7176178693771362, -0.15813636779785156, 0.678246021270752, -0.565971851348877, 0.6999273896217346, -0.43563488125801086], "cam_t_m2c": [3976.189697265625, -2086.468505859375, 12000.0], "obj_id": 6}, {"cam_R_m2c": [0.7913783192634583, -0.053634706884622574, -0.6089693307876587, 0.5171104073524475, -0.47258204221725464, 0.7136266827583313, -0.3260631263256073, -0.8796530961990356, -0.3462561070919037], "cam_t_m2c": [-4127.73046875, 437.8741455078125, 12000.0], "obj_id": 7}, {"cam_R_m2c": [0.2371426820755005, 0.220916286110878, 0.9460228681564331, -0.8408878445625305, 0.5343311429023743, 0.08601053059101105, -0.48648831248283386, -0.8158959746360779, 0.31247857213020325], "cam_t_m2c": [3183.82861328125, 3374.66943359375, 12000.0], "obj_id": 8}, {"cam_R_m2c": [0.9547370076179504, 0.25660061836242676, 0.15044385194778442, -0.20303240418434143, 0.192549929022789, 0.9600533246994019, 0.2173823118209839, -0.9471434354782104, 0.23593278229236603], "cam_t_m2c": [4476.8154296875, 1808.2257080078125, 12000.0], "obj_id": 9}]
}