{
  "0": [{"cam_R_m2c": [1.0, 0.0, 0.0, 0.0, 3.422854177870249e-08, -0.9999999403953552, 0.0, 0.9999999403953552, 3.422854177870249e-08], "cam_t_m2c": [-669.9972534179688, -0.0007828238885849714, 10368.8173828125], "obj_id": 1}, {"cam_R_m2c": [-0.9999999403953552, 8.742277657347586e-08, 0.0, 0.0, 3.4228538225988814e-08, -0.9999999403953552, -8.742277657347586e-08, -0.9999999403953552, 3.4228538225988814e-08], "cam_t_m2c": [80.09552001953125, -1127.077392578125, 11018.8173828125], "obj_id": 2}, {"cam_R_m2c": [-0.47812655568122864, 0.5912620425224304, 0.6494643688201904, 0.1642301082611084, -0.6662347912788391, 0.7274335026741028, 0.8627996444702148, 0.45446693897247314, 0.22144165635108948], "cam_t_m2c": [1651.05810546875, -1568.5316162109375, 12000.0], "obj_id": 3}, {"cam_R_m2c": [-0.20419791340827942, 0.596793532371521, -0.7759771943092346, -0.5059192776679993, -0.742949366569519, -0.43825992941856384, -0.8380625247955322, 0.30309006571769714, 0.45363813638687134], "cam_t_m2c": [-1854.2802734375, -83.7205810546875, 12000.0], "obj_id": 4}, {"cam_R_m2c": [0.2933560311794281, -0.9380230903625488, -0.18453964591026306, 0.6845252513885498, 0.07135019451379776, 0.7254890203475952, -0.6673585176467896, -0.339148610830307, 0.6630315184593201], "cam_t_m2c": [-216.95111083984375, -1191.086669921875, 12000.0], "obj_id": 5}, {"cam_R_m2c": [-0.8868046998977661, 0.2350224405527115, -0.39792177081108093, -0.36826053261756897, 0.16084833443164825, 0.9157029390335083, 0.2792157828807831, 0.9585886597633362, -0.05609149858355522], "cam_t_m2c": [626.4216918945312, -4432.58349609375, 12000.0], "obj_id": 6}, {"cam_R_m2c": [-0.8380167484283447, -0.25876522064208984, 0.48038366436958313, 0.5189464092254639, -0.6499931812286377, 0.5551607608795166, 0.16858981549739838, 0.714527428150177, 0.6789904832839966], "cam_t_m2c": [-1633.91796875, 553.8253784179688, 12000.0], "obj_id": 7}, {"cam_R_m2c": [-0.5548648834228516, -0.712537407875061, 0.4294361472129822, -0.12572084367275238, 0.5820735692977905, 0.8033583164215088, -0.8223863244056702, 0.3917662501335144, -0.41255301237106323], "cam_t_m2c": [3475.940673828125, -4605.0966796875, 12000.0], "obj_id": 8}, {"cam_R_m2c": [0.08957698941230774, 0.9815649390220642, -0.16883768141269684, -0.1550450325012207, -0.15370982885360718, -0.9758761525154114, -0.9838378429412842, 0.11359347403049469, 0.13841792941093445], "cam_t_m2c": [-673.2678833007812, 417.6172790527344, 12000.0], "obj_id": 9}],
  "1": [{"cam_R_m2c": [0.80901700258255, -0.5877852439880371, -1.4035848039384291e-08, -6.613221614770737e-08, -2.6695211374772043e-08, -0.9999999403953552, 0.5877852439880371, 0.8090169429779053, -5.274339898164726e-08], "cam_t_m2c": [277.5199890136719, -0.0008981142891570926, 11895.884765625], "obj_id": 1}, {"cam_R_m2c": [-0.8090168833732605, 0.5877851247787476, -1.403585336845481e-08, 6.613221614770737e-08, 1.466650161319194e-07, -0.9999999403953552, -0.5877851247787476, -0.80901700258255, -1.3671120235869694e-08], "cam_t_m2c": [-78.60078430175781, -800.0009765625, 12440.591796875], "obj_id": 2}, {"cam_R_m2c": [0.17501120269298553, -0.7206516265869141, 0.6708444952964783, -0.250448077917099, -0.6915326714515686, -0.6775384545326233, 0.9521800875663757, -0.04943488910794258, -0.30151182413101196], "cam_t_m2c": [82.24922180175781, 1347.6749267578125, 12000.0], "obj_id": 3}, {"cam_R_m2c": [0.598906934261322, -0.6611744165420532, -0.45183947682380676, -0.4621800482273102, 0.17539483308792114, -0.8692677021026611, 0.6539878249168396, 0.7294416427612305, -0.20053642988204956], "cam_t_m2c": [4834.28662109375, -642.6962280273438, 12000.0], "obj_id": 4}, {"cam_R_m2c": [0.44537392258644104, -0.05769512802362442, 0.8934838175773621, 0.8314316868782043, 0.3969210386276245, -0.3888123631477356, -0.3322099447250366, 0.9160376191139221, 0.22474783658981323], "cam_t_m2c": [3057.404541015625, 2674.3916015625, 12000.0], "obj_id": 5}, {"cam_R_m2c": [0.34996235370635986, 0.9364635944366455, 0.023711588233709335, -0.9284183382987976, 0.3501046895980835, -0.1243627741932869, -0.12476275861263275, 0.02150801569223404, 0.991953432559967], "cam_t_m2c": [-3651.943115234375, 2733.455810546875, 12000.0], "obj_id": 6}, {"cam_R_m2c": [-0.16341833770275116, -0.9708938598632812, 0.17509904503822327, 0.09533616900444031, -0.19219562411308289, -0.9767148494720459, 0.9819396734237671, -0.14291980862617493, 0.12396953254938126], "cam_t_m2c": [1026.58984375, -4337.36572265625, 12000.0], "obj_id": 7}, {"cam_R_m2c": [-0.06714487075805664, 0.9922546148300171, -0.10450958460569382, -0.04552353546023369, -0.10768359154462814, -0.9931423664093018, -0.9967041015625, -0.06192680075764656, 0.05240137130022049], "cam_t_m2c": [3133.4716796875, 1101.0263671875, 12000.0], "obj_id": 8}, {"cam_R_m2c": [-0.06581933051347733, 0.5009463429450989, -0.8629719018936157, 0.010623489506542683, -0.8644464015960693, -0.5026125311851501, -0.9977749586105347, -0.0422494150698185, 0.05157555639743805], "cam_t_m2c": [2003.274658203125, -1892.6036376953125, 12000.0], "obj_id": 9}],
  "2": [{"cam_R_m2c": [0.3090169131755829, -0.9510564804077148, 6.499567462014966e-08, -1.331906958057516e-07, -4.701124822759084e-08, -0.9999999403953552, 0.9510564804077148, 0.3090168535709381, -9.655784083406616e-08], "cam_t_m2c": [-296.8617248535156, -0.0011010305024683475, 14583.591796875], "obj_id": 1}, {"cam_R_m2c": [-0.3090169429779053, 0.9510565400123596, 1.5449078460960664e-08, 8.364411030470364e-08, 3.983221930070613e-08, -1.0, -0.9510565400123596, -0.3090169429779053, -9.655784083406616e-08], "cam_t_m2c": [-786.4755859375, -800.0011596679688, 15180.158203125], "obj_id": 2}, {"cam_R_m2c": [-0.9691255688667297, 0.22354307770729065, -0.1040380597114563, 0.09911651909351349, -0.033156462013721466, -0.9945232272148132, -0.2257683277130127, -0.9741299152374268, 0.009976048022508621], "cam_t_m2c": [2664.43310546875, 512.3448486328125, 12000.0], "obj_id": 3}, {"cam_R_m2c": [0.31712809205055237, 0.08376862108707428, 0.944675862789154, 0.9216286540031433, -0.26214754581451416, -0.28614529967308044, 0.22367452085018158, 0.9613851308822632, -0.1603378802537918], "cam_t_m2c": [3172.019287109375, -1654.2236328125, 12000.0], "obj_id": 4}, {"cam_R_m2c": [-0.29018619656562805, -0.8158829808235168, -0.5001271963119507, 0.12589755654335022, 0.4855247139930725, -0.8651102185249329, 0.9486527442932129, -0.3140077292919159, -0.03817497938871384], "cam_t_m2c": [-385.8699645996094, 2926.897705078125, 12000.0], "obj_id": 5}, {"cam_R_m2c": [-0.6849181056022644, 0.7224124670028687, -0.09490714222192764, 0.649918258190155, 0.5468477606773376, -0.5277913808822632, -0.32938331365585327, -0.42317575216293335, -0.8440549969673157], "cam_t_m2c": [4162.18212890625, -2223.56982421875, 12000.0], "obj_id": 6}, {"cam_R_m2c": [-0.06833884119987488, 0.9974561929702759, -0.020274311304092407, -0.6239497661590576, -0.058588121086359024, -0.7792651653289795, -0.7784706950187683, -0.040603891015052795, 0.6263663172721863], "cam_t_m2c": [2562.85546875, -2288.466064453125, 12000.0], "obj_id": 7}, {"cam_R_m2c": [0.41511982679367065, -0.8900653719902039, -0.18830612301826477, 0.39571648836135864, -0.009724901989102364, 0.9183213114738464, -0.8191972374916077, -0.45572927594184875, 0.3481764793395996], "cam_t_m2c": [-3844.96337890625, 3009.55029296875, 12000.0], "obj_id": 8}, {"cam_R_m2c": [0.1295381486415863, -0.9659399390220642, -0.2240087389945984, -0.9091373682022095, -0.20588308572769165, 0.3620516061782837, -0.39583972096443176, 0.1567552238702774, -0.9048418402671814], "cam_t_m2c": [4254.9404296875, 1541.3482666015625, 12000.0], "obj_id": 9}],
  "3": [{"cam_R_m2c": [-0.3090169429779053, -0.9510565400123596, -1.5449078460960664e-08, -8.364411030470364e-08, 3.983221930070613e-08, -1.0, 0.9510565400123596, -0.3090169429779053, -9.655784083406616e-08], "cam_t_m2c": [-1408.794189453125, -0.0010065350215882063, 13331.9609375], "obj_id": 1}, {"cam_R_m2c": [0.3090169131755829, 0.9510564804077148, -6.499567462014966e-08, 1.331906958057516e-07, -4.701124822759084e-08, -0.9999999403953552, -0.9510564804077148, 0.3090168535709381, -9.655784083406616e-08], "cam_t_m2c": [-2207.77490234375, -1552.1705322265625, 13687.5263671875], "obj_id": 2}, {"cam_R_m2c": [0.8352854251861572, 0.5355633497238159, -0.12437914311885834, 0.1277501881122589, 0.030980372801423073, 0.99132239818573, 0.5347692370414734, -0.8439266085624695, -0.04254086688160896], "cam_t_m2c": [-1436.6273193359375, 1017.359130859375, 12000.0], "obj_id": 3}, {"cam_R_m2c": [-0.7027912139892578, 0.2976677715778351, -0.6461257338523865, 0.7075465321540833, 0.38683566451072693, -0.5913848876953125, 0.0739082619547844, -0.8727840781211853, -0.482478529214859], "cam_t_m2c": [-3287.329833984375, 3555.4794921875, 12000.0], "obj_id": 4}, {"cam_R_m2c": [0.28656917810440063, -0.5812429189682007, -0.761600136756897, 0.359589546918869, -0.6715685725212097, 0.6478356719017029, -0.8880165815353394, -0.45951318740844727, 0.016558021306991577], "cam_t_m2c": [-654.9364013671875, -708.3422241210938, 12000.0], "obj_id": 5}, {"cam_R_m2c": [0.8276153206825256, 0.5350724458694458, 0.16955918073654175, -0.18149016797542572, 0.5409581661224365, -0.8212341666221619, -0.5311442017555237, 0.6488926410675049, 0.5448156595230103], "cam_t_m2c": [113.79496765136719, 3846.927490234375, 12000.0], "obj_id": 6}, {"cam_R_m2c": [0.7092066407203674, 0.022871240973472595, 0.7046295404434204, 0.6944996118545532, 0.14919836819171906, -0.7038536667823792, -0.12122754007577896, 0.9885426759719849, 0.08992842584848404], "cam_t_m2c": [2681.08642578125, -1734.443603515625, 12000.0], "obj_id": 7}, {"cam_R_m2c": [-0.8512245416641235, -0.5164574980735779, 0.09321204572916031, -0.014064437709748745, 0.19999976456165314, 0.9796949625015259, -0.5246132016181946, 0.8326294422149658, -0.1775083839893341], "cam_t_m2c": [-2950.376953125, 3030.849609375, 12000.0], "obj_id": 8}, {"cam_R_m2c": [-0.8066208362579346, -0.5605108737945557, 0.18759067356586456, 0.26623785495758057, -0.6279011964797974, -0.7313393950462341, 0.5277121067047119, -0.5399699211120605, 0.6557075381278992], "cam_t_m2c": [1661.1683349609375, 3687.1396484375, 12000.0], "obj_id": 9}],
  "4": [{"cam_R_m2c": [-0.8090168833732605, -0.5877851247787476, 1.403585336845481e-08, -6.613221614770737e-08, 1.466650161319194e-07, -0.9999999403953552, 0.5877851247787476, -0.80901700258255, -1.3671120235869694e-08], "cam_t_m2c": [474.25128173828125, -0.0007063877419568598, 9356.3896484375], "obj_id": 1}, {"cam_R_m2c": [0.80901700258255, 0.5877852439880371, 1.4035848039384291e-08, 6.613221614770737e-08, -2.6695211374772043e-08, -0.9999999403953552, -0.5877852439880371, 0.8090169429779053, -5.274339898164726e-08], "cam_t_m2c": [-196.1693572998047, -800.0006713867188, 9040.03515625], "obj_id": 2}, {"cam_R_m2c": [-0.7949258089065552, -0.6012930274009705, -0.08086711168289185, 0.19930411875247955, -0.1329127997159958, -0.9708820581436157, 0.5730363726615906, -0.7878963947296143, 0.2254960834980011], "cam_t_m2c": [3391.177001953125, -4171.912109375, 12000.0], "obj_id": 3}, {"cam_R_m2c": [-0.1706603765487671, 0.4568018913269043, -0.8730447292327881, -0.9570905566215515, 0.13375554978847504, 0.25707414746284485, 0.23420654237270355, 0.8794552683830261, 0.4143739938735962], "cam_t_m2c": [3574.865234375, -3356.8740234375, 12000.0], "obj_id": 4}, {"cam_R_m2c": [0.834181547164917, -0.16381336748600006, 0.5265988707542419, -0.41151154041290283, 0.4508034586906433, 0.7921077013015747, -0.3671504259109497, -0.8774631023406982, 0.30864083766937256], "cam_t_m2c": [1597.9251708984375, -2714.125, 12000.0], "obj_id": 5}, {"cam_R_m2c": [0.5446282029151917, 0.7624832987785339, 0.34928402304649353, -0.31056854128837585, -0.20350560545921326, 0.9285109043121338, 0.7790553569793701, -0.6141698360443115, 0.12596847116947174], "cam_t_m2c": [1147.500244140625, 3817.45068359375, 12000.0], "obj_id": 6}, {"cam_R_m2c": [0.10717136412858963, 0.9934497475624084, -0.03964864835143089, -0.9161372184753418, 0.11416702717542648, 0.38426366448402405, 0.38627320528030396, -0.004858484957367182, 0.9223716259002686], "cam_t_m2c": [-2388.72216796875, 3464.711181640625, 12000.0], "obj_id": 7}, {"cam_R_m2c": [0.055737290531396866, 0.558097779750824, -0.8279010653495789, -0.33725079894065857, -0.769932210445404, -0.541725218296051, -0.9397633671760559, 0.309404581785202, 0.14530502259731293], "cam_t_m2c": [-977.3792724609375, -4229.09423828125, 12000.0], "obj_id": 8}, {"cam_R_m2c": [-0.9303792715072632, -0.34875422716140747, 0.11298022419214249, -0.2931423783302307, 0.8928109407424927, 0.34198856353759766, -0.22013995051383972, 0.2850598394870758, -0.9328874349594116], "cam_t_m2c": [1962.5028076171875, -3950.29736328125, 12000.0], "obj_id": 9}],
  "5": [{"cam_R_m2c": [-0.9999999403953552, 8.742277657347586e-08, 0.0, 0.0, 3.4228538225988814e-08, -0.9999999403953552, -8.742277657347586e-08, -0.9999999403953552, 3.4228538225988814e-08], "cam_t_m2c": [1092.4718017578125, -0.000985830440185964, 13057.7197265625], "obj_id": 1}, {"cam_R_m2c": [1.0, 2.4492937051703357e-16, 1.871696033254608e-23, 1.871696033254608e-23, 3.422854177870249e-08, -0.9999999403953552, -2.4492937051703357e-16, 0.9999999403953552, 3.422854177870249e-08], "cam_t_m2c": [355.8487243652344, -1963.2764892578125, 12407.7197265625], "obj_id": 2}, {"cam_R_m2c": [-0.8351247310638428, -0.42304879426956177, -0.35156285762786865, -0.09718964993953705, -0.5155934691429138, 0.8513034582138062, -0.5414063930511475, 0.7451128363609314, 0.38946887850761414], "cam_t_m2c": [-4561.927734375, 2521.387939453125, 12000.0], "obj_id": 3}, {"cam_R_m2c": [-0.40612101554870605, 0.14284206926822662, -0.9025862216949463, 0.7860618233680725, -0.4490914046764374, -0.42476314306259155, -0.4660177528858185, -0.8819937705993652, 0.0701027661561966], "cam_t_m2c": [2650.218505859375, -971.5902709960938, 12000.0], "obj_id": 4}, {"cam_R_m2c": [0.7368046045303345, -0.6760639548301697, -0.007517524994909763, -0.5154424905776978, -0.5688780546188354, 0.640856146812439, -0.4375363290309906, -0.4683108925819397, -0.767624020576477], "cam_t_m2c": [4972.9833984375, -439.7481384277344, 12000.0], "obj_id": 5}, {"cam_R_m2c": [0.699251115322113, -0.144154354929924, -0.7001909613609314, 0.16260620951652527, -0.921710729598999, 0.35214847326278687, -0.6961373090744019, -0.3600956201553345, -0.6210668683052063], "cam_t_m2c": [255.15093994140625, -3684.820068359375, 12000.0], "obj_id": 6}, {"cam_R_m2c": [0.34765616059303284, 0.3043614327907562, -0.886847972869873, -0.24683550000190735, -0.8827747702598572, -0.3997263014316559, -0.9045482277870178, 0.357872873544693, -0.23177491128444672], "cam_t_m2c": [3072.166259765625, -4342.85986328125, 12000.0], "obj_id": 7}, {"cam_R_m2c": [-0.6201176643371582, 0.7843331098556519, 0.01660560443997383, 0.5758311152458191, 0.44069018959999084, 0.6886296272277832, 0.5327970385551453, 0.4365933835506439, -0.7249231338500977], "cam_t_m2c": [1875.08935546875, 2287.3544921875, 12000.0], "obj_id": 8}, {"cam_R_m2c": [0.1043781042098999, 0.9927875995635986, -0.05897453799843788, 0.042214442044496536, -0.0636676475405693, -0.9970778822898865, -0.9936413168907166, 0.10158350318670273, -0.04855545982718468], "cam_t_m2c": [-2086.359130859375, -247.83193969726562, 12000.0], "obj_id": 9}],
  "6": [{"cam_R_m2c": [-0.8090168833732605, 0.5877851247787476, -1.403585336845481e-08, 6.613221614770737e-08, 1.466650161319194e-07, -0.9999999403953552, -0.5877851247787476, -0.80901700258255, -1.3671120235869694e-08], "cam_t_m2c": [-1300.2882080078125, -0.0012080528540536761, 16001.14453125], "obj_id": 1}, {"cam_R_m2c": [0.80901700258255, -0.5877852439880371, -1.4035848039384291e-08, -6.613221614770737e-08, -2.6695211374772043e-08, -0.9999999403953552, 0.5877852439880371, 0.8090169429779053, -5.274339898164726e-08], "cam_t_m2c": [-1489.378662109375, -1775.3681640625, 15060.318359375], "obj_id": 2}, {"cam_R_m2c": [0.8290104269981384, -0.40045562386512756, 0.39035505056381226, -0.05366161838173866, 0.6378344893455505, 0.768301784992218, -0.5566526651382446, -0.6578772664070129, 0.5072823762893677], "cam_t_m2c": [-2052.8740234375, 3693.917724609375, 12000.0], "obj_id": 3}, {"cam_R_m2c": [-0.9613703489303589, 0.026978710666298866, -0.2739323377609253, -0.15507788956165314, -0.8752982020378113, 0.45804333686828613, -0.2274150848388672, 0.4828301966190338, 0.8456697463989258], "cam_t_m2c": [338.4637145996094, -3734.42626953125, 12000.0], "obj_id": 4}, {"cam_R_m2c": [0.2385946363210678, -0.9631614089012146, -0.1240667849779129, 0.012335536070168018, 0.13075214624404907, -0.9913382530212402, 0.9710408449172974, 0.23499751091003418, 0.043077923357486725], "cam_t_m2c": [4161.59814453125, 1547.1046142578125, 12000.0], "obj_id": 5}, {"cam_R_m2c": [-0.296359658241272, -0.8109380602836609, 0.5045298933982849, -0.9526091814041138, 0.2889297306537628, -0.09515949338674545, -0.06860523670911789, -0.5088212490081787, -0.8581341505050659], "cam_t_m2c": [4625.6552734375, 2592.459716796875, 12000.0], "obj_id": 6}, {"cam_R_m2c": [-0.327965646982193, 0.534538745880127, -0.778913676738739, -0.5155054926872253, 0.5896710157394409, 0.6217250227928162, 0.791638970375061, 0.6054388880729675, 0.08216594904661179], "cam_t_m2c": [4171.46630859375, -1900.2896728515625, 12000.0], "obj_id": 7}, {"cam_R_m2c": [0.3956005573272705, -0.32736408710479736, 0.8580985069274902, -0.7867664694786072, -0.6028081178665161, 0.1327441930770874, 0.4738129675388336, -0.7276367545127869, -0.49603036046028137], "cam_t_m2c": [-4151.916015625, -377.11907958984375, 12000.0], "obj_id": 8}, {"cam_R_m2c": [-0.31885841488838196, 0.8463916182518005, -0.426556259393692, 0.4425361156463623, -0.2650315463542938, -0.8566911816596985, -0.8381472229957581, -0.46192991733551025, -0.290051132440567], "cam_t_m2c": [-1629.6925048828125, 4590.23583984375, 12000.0], "obj_id": 9}],
  "7": [{"cam_R_m2c": [-0.3090169429779053, 0.9510565400123596, 1.5449078460960664e-08, 8.364411030470364e-08, 3.983221930070613e-08, -1.0, -0.9510565400123596, -0.3090169429779053, -9.655784083406616e-08], "cam_t_m2c": [-33.883209228515625, -0.0009626392275094986, 12750.5439453125], "obj_id": 1}, {"cam_R_m2c": [0.3090169131755829, -0.9510564804077148, 6.499567462014966e-08, -1.331906958057516e-07, -4.701124822759084e-08, -0.9999999403953552, 0.9510564804077148, 0.3090168535709381, -9.655784083406616e-08], "cam_t_m2c": [592.6229858398438, -800.0009765625, 12575.287109375], "obj_id": 2}, {"cam_R_m2c": [-0.7357497215270996, 0.3572247326374054, 0.5753805041313171, -0.40198537707328796, -0.9140827655792236, 0.05348169803619385, 0.5450503826141357, -0.1919454038143158, 0.8161354064941406], "cam_t_m2c": [-935.3900146484375, 2146.297119140625, 12000.0], "obj_id": 3}, {"cam_R_m2c": [-0.7705901861190796, 0.16604197025299072, -0.6153215765953064, -0.14542149007320404, -0.9858059883117676, -0.0838988795876503, -0.6205185055732727, 0.02482932060956955, 0.7837986350059509], "cam_t_m2c": [4619.08447265625, -1033.2347412109375, 12000.0], "obj_id": 4}, {"cam_R_m2c": [-0.6256364583969116, -0.28233611583709717, -0.7272312045097351, 0.4086528718471527, 0.6754630208015442, -0.6138017177581787, 0.6645161509513855, -0.6812019348144531, -0.3072168231010437], "cam_t_m2c": [-3168.827392578125, -3594.114990234375, 12000.0], "obj_id": 5}, {"cam_R_m2c": [-0.90431809425354, 0.08083198964595795, -0.41913604736328125, 0.23568421602249146, 0.9132199287414551, -0.3323887586593628, 0.3558957576751709, -0.39936891198158264, -0.844892144203186], "cam_t_m2c": [-353.1767578125, -1216.120361328125, 12000.0], "obj_id": 6}, {"cam_R_m2c": [0.055622648447752, 0.980951189994812, 0.18612007796764374, -0.20460185408592224, 0.19365128874778748, -0.9594983458518982, -0.9772635698318481, 0.015289248898625374, 0.2114759087562561], "cam_t_m2c": [-734.392333984375, -3925.51953125, 12000.0], "obj_id": 7}, {"cam_R_m2c": [-0.5294122099876404, 0.8367409706115723, 0.13995498418807983, -0.03533998876810074, -0.18657849729061127, 0.9818043112754822, 0.8476284146308899, 0.5148330926895142, 0.128347247838974], "cam_t_m2c": [3486.390869140625, 2406.909912109375, 12000.0], "obj_id": 8}, {"cam_R_m2c": [0.9427670836448669, 0.08612760156393051, -0.3221370279788971, -0.3330991268157959, 0.19882036745548248, -0.9216915369033813, -0.015335704199969769, 0.9762440323829651, 0.216130331158638], "cam_t_m2c": [-2957.0263671875, 2003.0870361328125, 12000.0], "obj_id": 9}],
  "8": [{"cam_R_m2c": [0.3090169131755829, 0.9510564804077148, -6.499567462014966e-08, 1.331906958057516e-07, -4.701124822759084e-08, -0.9999999403953552, -0.9510564804077148, 0.3090168535709381, -9.655784083406616e-08], "cam_t_m2c": [-440.9500427246094, -0.001256689545698464, 16645.359375], "obj_id": 1}, {"cam_R_m2c": [-0.3090169429779053, -0.9510565400123596, -1.5449078460960664e-08, -8.364411030470364e-08, 3.983221930070613e-08, -1.0, 0.9510565400123596, -0.3090169429779053, -9.655784083406616e-08], "cam_t_m2c": [545.6885375976562, -1468.9791259765625, 15712.240234375], "obj_id": 2}, {"cam_R_m2c": [-0.23135408759117126, 0.5786659717559814, -0.7820619940757751, -0.5522260069847107, 0.5837054252624512, 0.595259964466095, 0.8009505271911621, 0.5695908069610596, 0.18451176583766937], "cam_t_m2c": [-1755.262939453125, -1680.7060546875, 12000.0], "obj_id": 3}, {"cam_R_m2c": [-0.6608374714851379, -0.745323896408081, 0.08823753148317337, 0.06577102094888687, 0.05960540100932121, 0.9960528612136841, -0.7476415038108826, 0.6640326380729675, 0.009631342254579067], "cam_t_m2c": [-4757.154296875, -683.98486328125, 12000.0], "obj_id": 4}, {"cam_R_m2c": [-0.9310728907585144, -0.11592963337898254, 0.3459242880344391, -0.22358989715576172, -0.567922055721283, -0.7921313643455505, 0.28828951716423035, -0.8148772120475769, 0.5028561353683472], "cam_t_m2c": [-3897.9306640625, 662.5797119140625, 12000.0], "obj_id": 5}, {"cam_R_m2c": [0.8505851626396179, 0.3523830473423004, 0.39029616117477417, -0.2787357270717621, 0.9315285682678223, -0.23358269035816193, -0.4458826184272766, 0.08989247679710388, 0.8905661106109619], "cam_t_m2c": [-4463.2021484375, -4548.45751953125, 12000.0], "obj_id": 6}, {"cam_R_m2c": [-0.35476094484329224, 0.807756245136261, -0.4708230197429657, -0.7986809015274048, -2.5801098672673106e-05, 0.6017546653747559, 0.48605895042419434, 0.5895165205001831, 0.645148754119873], "cam_t_m2c": [1069.6396484375, 3247.49462890625, 12000.0], "obj_id": 7}, {"cam_R_m2c": [0.9881714582443237, 0.013608855195343494, -0.15274803340435028, -0.1522919237613678, 0.2040584832429886, -0.967040479183197, 0.018009211868047714, 0.9788640737533569, 0.20371729135513306], "cam_t_m2c": [3144.46044921875, -1216.7725830078125, 12000.0], "obj_id": 8}, {"cam_R_m2c": [-0.9590829014778137, -0.26469215750694275, -0.10048945993185043, 0.029092872515320778, -0.44518548250198364, 0.894965648651123, -0.28162682056427, 0.8554227352142334, 0.4346703886985779], "cam_t_m2c": [21.39251708984375, 336.36572265625, 12000.0], "obj_id": 9}],
  "9": [{"cam_R_m2c": [0.80901700258255, 0.5877852439880371, 1.4035848039384291e-08, 6.613221614770737e-08, -2.6695211374772043e-08, -0.9999999403953552, -0.5877852439880371, 0.8090169429779053, -5.274339898164726e-08], "cam_t_m2c": [-447.470458984375, -0.0012575555592775345, 16656.828125], "obj_id": 1}, {"cam_R_m2c": [-0.8090168833732605, -0.5877851247787476, 1.403585336845481e-08, -6.613221614770737e-08, 1.466650161319194e-07, -0.9999999403953552, 0.5877851247787476, -0.80901700258255, -1.3671120235869694e-08], "cam_t_m2c": [1079.6754150390625, -1060.3529052734375, 16350.736328125], "obj_id": 2}, {"cam_R_m2c": [0.1731216162443161, 0.972752034664154, 0.1542147994041443, -0.5554956197738647, -0.0328594334423542, 0.8308698534965515, 0.8132978677749634, -0.22950713336467743, 0.5346709489822388], "cam_t_m2c": [-2808.377685546875, 3165.374755859375, 12000.0], "obj_id": 3}, {"cam_R_m2c": [0.9671174883842468, -0.14025965332984924, 0.21215805411338806, -0.21249933540821075, 0.012713918462395668, 0.9770784974098206, -0.13974206149578094, -0.9900330901145935, -0.017509233206510544], "cam_t_m2c": [1270.587158203125, 3406.387451171875, 12000.0], "obj_id": 4}, {"cam_R_m2c": [-0.2848738133907318, -0.9138398170471191, -0.2893851399421692, -0.20787560939788818, 0.35360535979270935, -0.9120038747787476, 0.935753583908081, -0.1996498852968216, -0.29069793224334717], "cam_t_m2c": [-1302.96630859375, -1585.8629150390625, 12000.0], "obj_id": 5}, {"cam_R_m2c": [-0.9018101692199707, 0.4320443272590637, 0.008709993213415146, 0.006676735822111368, -0.006222638301551342, 0.9999582767486572, 0.43208053708076477, 0.9018308520317078, 0.0027271052822470665], "cam_t_m2c": [3220.41552734375, -3577.3310546875, 12000.0], "obj_id": 6}, {"cam_R_m2c": [0.8905212879180908, 0.44170576333999634, 0.10893955081701279, 0.1284388303756714, -0.014379722066223621, -0.9916131496429443, -0.4364347457885742, 0.8970447182655334, -0.06953761726617813], "cam_t_m2c": [-3722.711669921875, 2119.80859375, 12000.0], "obj_id": 7}, {"cam_R_m2c": [0.644834578037262, 0.5541781187057495, -0.5263791680335999, -0.5005995035171509, -0.21419569849967957, -0.8387612104415894, -0.5775712728500366, 0.8043673634529114, 0.13930048048496246], "cam_t_m2c": [-3512.095947265625, -4858.2236328125, 12000.0], "obj_id": 8}, {"cam_R_m2c": [-0.8765668272972107, -0.05878408998250961, -0.4776763319969177, -0.4694521725177765, 0.32311752438545227, 0.8217113614082336, 0.10604200512170792, 0.9445313215255737, -0.31083032488822937], "cam_t_m2c": [2077.939697265625, -2188.173095703125, 12000.0], "obj_id": 9}]
}